/mnt/anaconda3/bin/python /home/lujunjie/work/python/TronGraph/cpro.py
(360, 4)
(351, 4)
196
196
(905, 4)
174.34475138121547
(1976, 4)
146.24392712550608
(1780, 4)
146.38314606741574
(773, 4)
(5366, 4)
(4816, 4)
182.14747736093142
(5564, 4)
166.48863212821468
139.7478432782171
116.96885382059801
(6134, 4)
141.36860123899575
(7489, 4)
(351, 4)
(351, 4)
(6974, 4)
150.47322740018697
194
(7037, 4)
196
123.00544880986523
115.79380417791673
(9160, 4)
(8113, 4)
(6220, 4)
147.12576419213977
(9763, 4)
141.5797427652733
140.22938493775425
(351, 4)
(358, 4)
151.26610672948888
196
196
(358, 4)
(10967, 4)
196
(7020, 4)
141.24810796024437
130.5162393162393
(8389, 4)

(6276, 4)
127.84813446179521
142.22084130019118
(11781, 4)
(11698, 4)
(11755, 4)
(11853, 4)
(11700, 4)
(7690, 4)
107.93268822680588
104.04043426226706
107.46873670778393
98.19119658119658
98.14603897747406
140.63914174252275
(12548, 4)
112.38149505897354
(6991, 4)
141.9505077957374
(8745, 4)
128.94705546026302
(6203, 4)
138.22440754473644
(17691, 4)
121.65666157933411
(64738, 4)
148.38342241033087
(78697, 4)
143.38754971599934
(79509, 4)
120.02168307990291
(351, 4)
(351, 4)
194
(815, 4)
196
(974, 4)
0
0
0
0
0
0
178.1006134969325
176.96611909650923
0
0
0
(3194, 4)
146.53193487789605
(6109, 4)
150.50319201178587
(6345, 4)
(6431, 4)
144.6781717888101
141.23371170890996
(7533, 4)
0
0
113.85862206292313
(6568, 4)
(7862, 4)
(351, 4)
(9192, 4)
141.4202192448234
196
127.54299160518953
151.21616623150567
(12035, 4)
125.92405484004985
(7820, 4)
141.48452685421998
(9293, 4)
(7575, 4)
156.88625847412032
141.68726072607262
(4014, 4)
130.9018435475835
(2785, 4)
(5564, 4)
139.6439611790079
198
(351, 4)
196
(6461, 4)
(8747, 4)
125.28555951091163
125.9749628444038
(8266, 4)
(9843, 4)
120.87478828937817
124.56832266585391
(10031, 4)
122.44492074568838
(57730, 4)
(61563, 4)
(61536, 4)
(62510, 4)
153.94318378659275
140.97196367948283
140.98964833593342
124.95183170692688
(66074, 4)
(64798, 4)
(64688, 4)
(64849, 4)
(64822, 4)
(67802, 4)
129.98209583194597
(67049, 4)
122.08634525756966
(66979, 4)
122.10341949047735
128.82928032814692
128.63882632439604
124.13937568047248
125.4705318427185
126.70062258319771
(69670, 4)
112.12952490311467
(69981, 4)
111.53450222203169
(351, 4)
(351, 4)
196
196
(6109, 4)
(6131, 4)
(6093, 4)
(6142, 4)
150.49615321656572
151.17827434350025
155.07861480387328
(6368, 4)
(6333, 4)
160.110061869098
(6476, 4)
141.55244974874373
141.44197063003315
144.3205682520074
(7102, 4)
141.17727400732187
(8712, 4)
122.51825068870524
(7824, 4)
127.8282208588957
(9825, 4)
(9406, 4)
158.87623409669212
169.20486923240486
(10785, 4)
(9140, 4)
152.15799721835882
114.74595185995622
(10268, 4)
123.04070899883132
(351, 4)
196
(13030, 4)
(2785, 4)
144.64105909439752
198
(9253, 4)
120.74840592240355
(61536, 4)
(61563, 4)
(62510, 4)
140.98992459698385
(62505, 4)
142.92979549404674
124.94962406015037
127.96110711143109
(66325, 4)
(64688, 4)
(64881, 4)
(61440, 4)
(64741, 4)
(67370, 4)
(65594, 4)
125.47844704108554
(67871, 4)
122.05593000247339
128.68852206347003
132.91253773210966
(64819, 4)
113.74061086472868
128.74703819835963
138.87853190104164
128.8281059565868
163.29936173370936
(65685, 4)
(69627, 4)
(64688, 4)
(70203, 4)
(70655, 4)
111.51728496129375
141.11867245185354
(70201, 4)
112.16653134481433
112.89727549359566
121.8973534504081
113.52759932194698
(844, 4)
182.06635071090048
(3133, 4)
145.75965528247684
(6326, 4)
(6396, 4)
151.18542522921277
(6259, 4)
141.22310819262037
120.39367311072056
(7005, 4)
129.7941470378301
(8119, 4)
(8742, 4)
(8656, 4)
138.1422588988792
126.03866392129947
128.4674214417745
(10935, 4)
136.14842249657065
(9190, 4)
107.31305767138193
(10352, 4)
126.68933539412674
(11748, 4)
108.75868232890703
(7014, 4)
121.22112917023097
(12419, 4)
112.00450921974395
(3832, 4)
187.94232776617955
(351, 4)
194
(61665, 4)
(61674, 4)
(62021, 4)
(61791, 4)
(61527, 4)
131.918397794535
133.9714466387781
151.7646764805469
(61760, 4)
127.95902315871241
138.97152469647472
(61569, 4)
(61569, 4)
121.8622085492228
(67837, 4)
(65024, 4)
140.92078805892575
(64904, 4)
(64688, 4)
142.8880118241323
(64688, 4)
108.17096864542948
(61301, 4)
(65491, 4)
(66212, 4)
135.88308932086613
137.8523973869099
136.73237544090028
123.7675302992827
123.75406566905764
126.12358786926839
142.9434430107176
(69496, 4)
110.42209623575458
(69643, 4)
(69611, 4)
(69627, 4)
(69679, 4)
(69611, 4)
110.07657625317691
110.79715849506543
111.51415399198586
109.32810459392357
107.68894283949376
(70515, 4)
113.96908459193078
(6201, 4)
122.51862602805998
(6821, 4)
150.23456971118605
(8055, 4)
137.38845437616388
(9066, 4)
123.10611074343703
(61563, 4)
(61530, 4)
140.98050777252573
122.06245733788396
(64708, 4)
(66269, 4)
(65067, 4)
(67004, 4)
(64738, 4)
(66975, 4)
(64888, 4)
(65455, 4)
125.98665751298431
151.05151730069866
126.82842925140632
135.89034379946824
128.86359089212394
126.89074423059098
136.64989687571614
135.9085809394649
(64923, 4)
(69669, 4)
(69483, 4)
(69655, 4)
133.5039662369268
112.37991072069356
(69625, 4)
(69569, 4)
110.41981193022755
(69613, 4)
124.52162399435832
(69569, 4)
(69549, 4)
(69605, 4)
(69470, 4)
114.65878635547577
116.41964093202434
(8743, 4)
114.20003162328048
111.44411245026072
126.84250257348735
(69848, 4)
(69639, 4)
116.78161051648588
110.65434441904267
(6378, 4)
(5564, 4)
105.98393551173167
127.82972718720602
139.64629762760603
(69716, 4)
112.16384148436606
111.66714053906576
114.07651041367836
(61569, 4)
142.89056180870244
(64822, 4)
(64688, 4)
(67298, 4)
126.8325259942612
110.06758001723676
121.86311216918128
(74729, 4)
(74762, 4)
(69658, 4)
(69723, 4)
134.90812134512709
136.75161178138626
115.01411180338224
114.59065157838876
(69919, 4)
111.52679529169467
(6220, 4)
116.56688102893892
(6933, 4)
(6863, 4)
(6994, 4)
(6974, 4)
(7032, 4)
(7105, 4)
(7227, 4)
127.8769652387134
131.662683957453
135.35387474978552
120.99067966733583
116.06669510807735
125.65615763546798
136.15718832157188
(11387, 4)
(11569, 4)
(11506, 4)
(11672, 4)
(11652, 4)
(11662, 4)
(11636, 4)
(11710, 4)
(11637, 4)
108.37894089751472
(11662, 4)
(11672, 4)
(11644, 4)
(11648, 4)
(11652, 4)
(11682, 4)
106.9480508254819
106.8038105046344
106.65695681973955
112.38910133843213
102.83124678442805
107.27045376418013
106.42321904270862
102.7763676899331
112.71520068317677
109.77344555135691
107.06279986291982
107.75540865384616
106.37530037761759
109.34968327341208
(12485, 4)
106.99735682819384
(9421, 4)
126.36078972508227
(61620, 4)
142.89219409282697
(64741, 4)
(64974, 4)
(64819, 4)
(64822, 4)
(64801, 4)
(64970, 4)
128.8249177491852
126.77044664019455
126.8326185554287
126.84882519014486
133.7849622902878
123.77046650514652
(69483, 4)
122.20387720737448
(69682, 4)
(69701, 4)
(69971, 4)
(69738, 4)
(69670, 4)
112.72285525673776
(69705, 4)
112.38570264823998
114.84566935911968
107.92708422954486
110.32296540835367
111.2574707696722
(74729, 4)
136.89519463662035
(6921, 4)
(6936, 4)
(6938, 4)
(7720, 4)
(6930, 4)
125.89489619377163
125.96156624765209
121.78725857595848
126.36321243523317
131.8064935064935
(11774, 4)
(11591, 4)
(11565, 4)
(11637, 4)
(11591, 4)
(11591, 4)
(11649, 4)
(11662, 4)
(11698, 4)
(11627, 4)
109.37378970613214
(11591, 4)
(11727, 4)
(11662, 4)
(11639, 4)
(11727, 4)
(11697, 4)
(11755, 4)
106.89811060305408
108.61772589710333
107.30463177794964
102.95424499957079
107.21784142869465
106.99232162884996
102.88303892985765
103.04282783381775
103.03146973074945
107.09245721166253
107.1631278246781
106.95384349926667
107.19953952417498
107.28593521780222
103.20022227921689
107.19651212250106
(7011, 4)
(7100, 4)
122.94294679788902
127.51661971830985
(6751, 4)
(11662, 4)
(11591, 4)
(6916, 4)
(11661, 4)
122.93867575174049
102.60950094323442
106.91269088085585
122.61711972238288
102.9789897950433
(11661, 4)
(11387, 4)
(11697, 4)
(11579, 4)
103.02521224594803
(11653, 4)
108.42460700799157
103.32265307884963
103.77139437462597
109.84656311679397
(64706, 4)
131.81369579328037
(64595, 4)
(69584, 4)
(66169, 4)
128.75395928477437
114.35684927569557
122.76490501594402
(69570, 4)
115.19803076038524
(69639, 4)
116.81837763322277
(6938, 4)
(6933, 4)
(6938, 4)
(6972, 4)
(6972, 4)
(7038, 4)
122.5892187950418
122.80441049293744
126.11784220395211
126.06296615031555
126.22045324153758
132.08624609263995
(11662, 4)
(11649, 4)
(11650, 4)
(11591, 4)
(11662, 4)
(11591, 4)
(11591, 4)
(11639, 4)
(11653, 4)
(11797, 4)
(11718, 4)
(11779, 4)
102.8389561335737
103.20082318641742
102.88901287553647
107.4653610559917
102.9139941690962
107.07272884134241
106.93494952980762
106.88698189307476
107.200532691812
103.81558286396995
103.0889209120963
109.4170133288055
(10824, 4)
129.12675535846267
(6657, 4)
(6657, 4)
(6657, 4)
(6657, 4)
(6657, 4)
(11474, 4)
(11565, 4)
(11564, 4)
128.11431575784889
128.1089079164789
(11591, 4)
128.07180411596815
128.09028090731562
127.99699564368335
108.47925745162979
108.28646779074793
(11591, 4)
107.85005188516085
107.15606936416187
107.04520748856872
(11387, 4)
(11565, 4)
108.41916220251164
(11569, 4)
108.16316472114136
(11672, 4)
106.94459330970696
107.22147018505825
(64592, 4)
128.6820194451325
(69468, 4)
(69540, 4)
(69584, 4)
(69435, 4)
110.36517533252722
(69490, 4)
112.24719585849871
112.23574384916071
110.41142075322243
114.621945603684
(69520, 4)
114.3915420023015